spawns:
  default:
    world: 35d7a515-5b02-4ae5-8914-95aa4bab52a2
    world-name: map
    x: -26.524835309210065
    y: 118.0
    z: -27.464569373668645
    yaw: 0.4637451171875
    pitch: 0.09783583879470825
